denominazione_regione	hs	ic	th	hi	tcp	ncp	dh	d	tc	sw	casi_testati
Abruzzo	0	0	0	0	0	0	0	0	0	5	
Abruzzo	0	0	0	0	0	0	0	0	0	5	
Abruzzo	0	0	0	0	0	0	0	0	0	13	
Abruzzo	1	0	1	0	1	1	0	0	1	33	
Abruzzo	1	0	1	0	1	0	0	0	1	33	
Abruzzo	2	0	2	0	2	1	0	0	2	43	
Abruzzo	3	0	3	2	5	3	0	0	5	52	
Abruzzo	3	0	3	2	5	0	0	0	5	52	
Abruzzo	5	0	5	1	6	1	0	0	6	52	
Abruzzo	7	0	7	0	7	1	0	0	7	85	
Abruzzo	8	0	8	0	8	1	0	0	8	96	
Abruzzo	9	0	9	0	9	1	0	0	9	96	
Abruzzo	11	0	11	0	11	2	0	0	11	123	
Abruzzo	14	0	14	3	17	6	0	0	17	163	
Abruzzo	25	0	25	5	30	13	0	0	30	237	
Abruzzo	17	9	26	11	37	8	0	1	38	310	
Abruzzo	17	9	26	11	37	0	0	1	38	310	
Abruzzo	47	12	59	19	78	46	4	2	84	867	
Abruzzo	42	14	56	27	83	5	4	2	89	958	
Abruzzo	51	14	65	41	106	23	4	2	112	1232	
Abruzzo	72	28	100	28	128	25	6	3	137	1419	
Abruzzo	71	37	108	57	165	39	7	4	176	1533	
Abruzzo	94	32	126	90	216	53	7	6	229	1688	
Abruzzo	99	41	140	109	249	34	7	7	263	2054	
Abruzzo	181	47	228	138	366	122	8	11	385	2409	
Abruzzo	190	48	238	184	422	64	10	17	449	2695	
Abruzzo	185	44	229	265	494	80	13	22	529	3035	
Abruzzo	218	49	267	272	539	58	15	33	587	3375	
Abruzzo	228	52	280	325	605	76	20	38	663	3674	
Abruzzo	234	57	291	331	622	26	21	46	689	4294	
Abruzzo	248	59	307	431	738	124	23	52	813	4982	
Abruzzo	280	64	344	516	860	133	23	63	946	5488	
Abruzzo	289	71	360	565	925	71	24	68	1017	6109	
Abruzzo	311	70	381	646	1027	116	30	76	1133	7003	
Abruzzo	329	68	397	772	1169	160	36	88	1293	7730	
Abruzzo	322	69	391	778	1169	52	74	102	1345	7948	
Abruzzo	335	73	408	783	1191	56	95	115	1401	8758	
Abruzzo	342	71	413	798	1211	35	102	123	1436	9610	
Abruzzo	341	75	416	835	1251	61	113	133	1497	10647	
Abruzzo	361	76	437	864	1301	66	116	146	1563	11890	
Abruzzo	354	71	425	931	1356	65	119	153	1628	12837	
Abruzzo	347	67	414	1006	1420	75	125	158	1703	13598	
Abruzzo	340	66	406	1019	1425	18	127	169	1721	14198	
Abruzzo	337	67	404	1087	1491	78	136	172	1799	14904	
Abruzzo	331	62	393	1141	1534	60	146	179	1859	15846	
Abruzzo	306	57	363	1203	1566	72	171	194	1931	16847	
Abruzzo	305	53	358	1277	1635	83	181	198	2014	18088	
Abruzzo	315	54	369	1355	1724	106	190	206	2120	19441	
Abruzzo	346	54	400	1342	1742	40	206	212	2160	20594	
Abruzzo	351	54	405	1373	1778	53	211	224	2213	20667	
Abruzzo	345	52	397	1403	1800	32	213	232	2245	20935	
Abruzzo	341	44	385	1425	1810	29	224	240	2274	22500	
Abruzzo	324	42	366	1484	1850	72	253	243	2346	23786	
Abruzzo	319	43	362	1580	1942	97	255	246	2443	25436	
Abruzzo	321	41	362	1609	1971	44	263	253	2487	27016	
Abruzzo	317	40	357	1630	1987	34	276	258	2521	27791	22424
Abruzzo	320	38	358	1704	2062	91	287	263	2612	27942	22552
Abruzzo	318	35	353	1714	2067	55	329	271	2667	29906	23901
Abruzzo	309	35	344	1764	2108	66	349	276	2733	30348	24317
Abruzzo	322	31	353	1747	2100	52	405	280	2785	31187	24751
Abruzzo	327	28	355	1724	2079	18	438	286	2803	32397	25397
Abruzzo	323	26	349	1712	2061	29	478	293	2832	33624	25959
Abruzzo	324	24	348	1720	2068	27	496	295	2859	33820	26184
Basilicata	0	0	0	0	0	0	0	0	0	0	
Basilicata	0	0	0	0	0	0	0	0	0	0	
Basilicata	0	0	0	0	0	0	0	0	0	0	
Basilicata	0	0	0	0	0	0	0	0	0	0	
Basilicata	0	0	0	0	0	0	0	0	0	0	
Basilicata	0	0	0	0	0	0	0	0	0	32	
Basilicata	0	0	0	0	0	0	0	0	0	39	
Basilicata	0	0	0	0	0	0	0	0	0	39	
Basilicata	0	0	0	1	1	1	0	0	1	42	
Basilicata	0	0	0	1	1	0	0	0	1	48	
Basilicata	0	0	0	1	1	0	0	0	1	54	
Basilicata	1	0	1	2	3	2	0	0	3	63	
Basilicata	1	0	1	2	3	0	0	0	3	75	
Basilicata	2	0	2	2	4	1	0	0	4	123	
Basilicata	2	0	2	3	5	1	0	0	5	135	
Basilicata	2	0	2	5	7	2	0	0	7	148	
Basilicata	1	1	2	6	8	1	0	0	8	155	
Basilicata	1	1	2	6	8	0	0	0	8	155	
Basilicata	1	1	2	8	10	2	0	0	10	155	
Basilicata	0	2	2	8	10	0	0	0	10	155	
Basilicata	0	2	2	9	11	1	0	0	11	208	
Basilicata	1	2	3	9	12	1	0	0	12	230	
Basilicata	5	2	7	13	20	8	0	0	20	262	
Basilicata	9	2	11	16	27	7	0	0	27	262	
Basilicata	8	5	13	24	37	10	0	0	37	353	
Basilicata	8	5	13	39	52	15	0	0	52	443	
Basilicata	12	7	19	47	66	14	0	0	66	522	
Basilicata	13	10	23	58	81	15	0	0	81	643	
Basilicata	15	12	27	62	89	9	0	1	90	696	
Basilicata	14	12	26	65	91	2	0	1	92	744	
Basilicata	20	14	34	78	112	21	0	1	113	857	
Basilicata	22	16	38	95	133	21	0	1	134	1046	
Basilicata	22	15	37	110	147	17	1	3	151	1254	
Basilicata	26	19	45	133	178	31	1	3	182	1421	
Basilicata	32	18	50	147	197	20	1	4	202	1585	
Basilicata	36	18	54	154	208	12	1	5	214	1833	
Basilicata	37	17	54	162	216	12	3	7	226	2043	
Basilicata	39	15	54	171	225	11	3	9	237	2262	
Basilicata	38	19	57	176	233	9	3	10	246	2427	
Basilicata	41	19	60	187	247	15	3	11	261	2622	
Basilicata	44	19	63	181	244	3	9	11	264	2765	
Basilicata	46	18	64	190	254	14	11	13	278	2931	
Basilicata	46	18	64	198	262	9	12	13	287	3061	
Basilicata	47	17	64	201	265	4	12	14	291	3160	
Basilicata	48	17	65	205	270	6	13	14	297	3296	
Basilicata	50	17	67	208	275	6	13	15	303	3474	
Basilicata	59	15	74	205	279	5	14	15	308	3696	
Basilicata	60	12	72	209	281	4	14	17	312	4050	
Basilicata	61	12	73	204	277	3	20	18	315	4355	
Basilicata	64	12	76	194	270	4	31	18	319	4545	
Basilicata	62	12	74	191	265	0	35	19	319	4759	
Basilicata	60	12	72	189	261	1	38	21	320	5037	
Basilicata	60	9	69	204	273	16	41	22	336	5349	
Basilicata	59	9	68	198	266	1	49	22	337	5710	
Basilicata	60	8	68	194	262	2	54	23	339	6056	
Basilicata	59	8	67	180	247	3	71	24	342	6528	6528
Basilicata	59	7	66	176	242	0	76	24	342	6868	6868
Basilicata	64	7	71	174	245	8	81	24	350	7470	7470
Basilicata	65	7	72	160	232	4	98	24	354	8040	8040
Basilicata	61	7	68	161	229	2	103	24	356	8511	8511
Basilicata	59	7	66	163	229	4	107	24	360	9026	9026
Basilicata	58	7	65	153	218	1	118	25	361	9792	9792
Basilicata	57	7	64	155	219	5	122	25	366	10077	10077
Bolzano	0	0	0	0	0	0	0	0	0	1	
Bolzano	1	0	1	0	1	1	0	0	1	1	
Bolzano	1	0	1	0	1	0	0	0	1	1	
Bolzano	1	0	1	0	1	0	0	0	1	2	
Bolzano	1	0	1	0	1	0	0	0	1	2	
Bolzano	1	0	1	0	1	0	0	0	1	16	
Bolzano	1	0	1	0	1	0	0	0	1	20	
Bolzano	1	0	1	0	1	0	0	0	1	20	
Bolzano	1	0	1	0	1	0	0	0	1	20	
Bolzano	1	0	1	0	1	0	0	0	1	20	
Bolzano	1	0	1	0	1	0	0	0	1	20	
Bolzano	4	0	4	0	4	3	0	0	4	36	
Bolzano	8	0	8	1	9	5	0	0	9	36	
Bolzano	8	0	8	1	9	0	0	0	9	36	
Bolzano	8	0	8	1	9	0	0	0	9	36	
Bolzano	17	1	18	20	38	29	0	0	38	36	
Bolzano	8	4	12	63	75	37	0	0	75	75	
Bolzano	21	4	25	78	103	29	0	1	104	607	
Bolzano	20	5	25	98	123	21	0	2	125	811	
Bolzano	26	7	33	137	170	48	0	3	173	1135	
Bolzano	50	4	54	145	199	31	0	5	204	1497	
Bolzano	53	11	64	171	235	37	0	6	241	1740	
Bolzano	71	11	82	200	282	50	1	8	291	2149	
Bolzano	79	18	97	269	366	85	1	9	376	2844	
Bolzano	87	18	105	316	421	60	1	14	436	3568	
Bolzano	99	24	123	407	530	112	1	17	548	4433	
Bolzano	127	30	157	443	600	73	1	20	621	5179	
Bolzano	146	32	178	470	648	57	7	23	678	5718	
Bolzano	145	33	178	510	688	46	7	29	724	6084	
Bolzano	166	38	204	495	699	57	44	38	781	6509	
Bolzano	190	40	230	518	748	77	67	43	858	6649	
Bolzano	223	43	266	525	791	48	67	48	906	7744	
Bolzano	249	45	294	539	833	97	110	60	1003	8520	
Bolzano	225	51	276	653	929	106	116	64	1109	9168	
Bolzano	234	56	290	744	1034	105	116	64	1214	10137	
Bolzano	231	62	293	805	1098	111	153	74	1325	10640	
Bolzano	249	62	311	831	1142	46	153	76	1371	11275	
Bolzano	269	57	326	786	1112	47	190	116	1418	11951	
Bolzano	279	60	339	821	1160	61	190	129	1479	12677	
Bolzano	291	60	351	858	1209	80	211	139	1559	13976	
Bolzano	291	61	352	849	1201	33	245	146	1592	15045	
Bolzano	239	53	292	934	1226	52	260	158	1644	15723	
Bolzano	245	52	297	963	1260	78	298	164	1722	16825	
Bolzano	325	64	389	912	1301	89	336	174	1811	17761	
Bolzano	268	65	333	948	1281	24	371	183	1835	18865	
Bolzano	263	64	327	988	1315	68	401	187	1903	19875	
Bolzano	258	58	316	1001	1317	52	447	191	1955	20866	
Bolzano	246	56	302	967	1269	2	488	200	1957	22186	
Bolzano	183	45	228	1287	1515	141	378	205	2098	23246	
Bolzano	190	41	231	1306	1537	51	400	212	2149	24157	
Bolzano	177	39	216	1348	1564	35	406	214	2184	24457	
Bolzano	166	32	198	1378	1576	40	425	223	2224	25370	
Bolzano	180	34	214	1379	1593	43	449	225	2267	26416	
Bolzano	181	32	213	1369	1582	29	480	234	2296	27698	
Bolzano	179	28	207	1349	1556	29	530	239	2325	28888	
Bolzano	162	23	185	1381	1566	55	569	245	2380	30361	14783
Bolzano	160	19	179	1361	1540	14	605	249	2394	31381	15089
Bolzano	159	20	179	1357	1536	16	623	251	2410	31987	15405
Bolzano	157	19	176	1336	1512	6	648	256	2416	32722	15736
Bolzano	141	17	158	1336	1494	19	680	261	2435	33994	16442
Bolzano	148	16	164	929	1093	21	1100	263	2456	35062	17024
Bolzano	141	14	155	880	1035	20	1176	265	2476	36608	17573
Bolzano	138	14	152	842	994	5	1218	269	2481	37431	17895
Calabria	0	0	0	0	0	0	0	0	0	1	
Calabria	0	0	0	0	0	0	0	0	0	2	
Calabria	0	0	0	0	0	0	0	0	0	3	
Calabria	0	0	0	0	0	0	0	0	0	14	
Calabria	0	0	0	1	1	1	0	0	1	21	
Calabria	0	0	0	1	1	0	0	0	1	27	
Calabria	0	0	0	1	1	0	0	0	1	35	
Calabria	0	0	0	1	1	0	0	0	1	39	
Calabria	0	0	0	1	1	0	0	0	1	39	
Calabria	0	0	0	1	1	0	0	0	1	46	
Calabria	1	0	1	1	2	1	0	0	2	53	
Calabria	2	0	2	2	4	2	0	0	4	99	
Calabria	2	0	2	2	4	0	0	0	4	113	
Calabria	5	0	5	4	9	5	0	0	9	113	
Calabria	8	0	8	1	9	2	2	0	11	173	
Calabria	8	2	10	1	11	2	2	0	13	360	
Calabria	10	2	12	5	17	6	2	0	19	405	
Calabria	14	2	16	16	32	14	1	0	33	483	
Calabria	18	3	21	16	37	5	1	0	38	504	
Calabria	22	4	26	33	59	22	1	0	60	711	
Calabria	32	6	38	28	66	8	1	1	68	884	
Calabria	36	7	43	44	87	21	1	1	89	1030	
Calabria	45	10	55	57	112	25	1	1	114	1293	
Calabria	45	11	56	70	126	15	2	1	129	1668	
Calabria	60	13	73	91	164	40	2	3	169	2342	
Calabria	71	16	87	114	201	38	2	4	207	2690	
Calabria	73	16	89	136	225	28	5	5	235	3050	
Calabria	77	17	94	166	260	38	5	8	273	3666	
Calabria	82	20	102	178	280	19	5	7	292	4073	
Calabria	88	21	109	195	304	27	5	10	319	4486	
Calabria	93	23	116	217	333	32	7	11	351	5058	
Calabria	101	23	124	248	372	42	7	14	393	5933	
Calabria	103	22	125	344	469	101	7	18	494	6901	
Calabria	107	22	129	394	523	61	11	21	555	7760	
Calabria	124	19	143	434	577	59	12	25	614	8485	
Calabria	130	18	148	454	602	33	14	31	647	9013	
Calabria	132	17	149	457	606	12	17	36	659	9327	
Calabria	144	16	160	450	610	10	21	38	669	9983	
Calabria	163	19	182	445	627	22	23	41	691	10679	
Calabria	183	17	200	462	662	42	26	45	733	11608	
Calabria	178	15	193	469	662	8	30	49	741	12314	
Calabria	174	13	187	519	706	54	33	56	795	13077	
Calabria	170	14	184	538	722	22	37	58	817	13633	
Calabria	169	14	183	550	733	16	40	60	833	14072	
Calabria	170	15	185	570	755	26	44	60	859	14977	
Calabria	168	15	183	582	765	15	48	61	874	15698	
Calabria	168	14	182	604	786	27	50	65	901	16637	
Calabria	169	15	184	608	792	14	57	66	915	17493	
Calabria	165	14	179	616	795	8	62	66	923	18211	
Calabria	160	12	172	619	791	5	70	67	928	18596	
Calabria	161	12	173	643	816	28	72	68	956	19014	
Calabria	156	11	167	652	819	15	81	71	971	19662	
Calabria	157	9	166	681	847	38	90	72	1009	20642	
Calabria	154	7	161	658	819	-18	99	73	991	21657	
Calabria	152	7	159	673	832	20	106	73	1011	22794	
Calabria	142	6	148	696	844	24	116	75	1035	23760	22234
Calabria	140	7	147	681	828	3	135	75	1038	24373	22847
Calabria	133	7	140	679	819	9	152	76	1047	25440	23914
Calabria	128	7	135	686	821	13	163	76	1060	26560	24878
Calabria	129	7	136	687	823	9	170	76	1069	27869	26187
Calabria	123	7	130	691	821	10	178	80	1079	28764	26811
Calabria	125	7	132	679	811	9	197	80	1088	29959	28006
Calabria	118	8	126	671	797	1	212	80	1089	30853	28900
Campania	0	0	0	0	0	0	0	0	0	10	
Campania	0	0	0	0	0	0	0	0	0	10	
Campania	0	0	0	0	0	0	0	0	0	10	
Campania	2	0	2	1	3	3	0	0	3	10	
Campania	2	0	2	2	4	1	0	0	4	213	
Campania	3	0	3	10	13	9	0	0	13	373	
Campania	4	0	4	13	17	4	0	0	17	373	
Campania	4	0	4	13	17	0	0	0	17	373	
Campania	11	0	11	19	30	13	0	0	30	405	
Campania	11	0	11	20	31	1	0	0	31	429	
Campania	12	0	12	33	45	14	0	0	45	471	
Campania	12	0	12	45	57	12	0	0	57	471	
Campania	16	0	16	45	61	4	0	0	61	612	
Campania	30	7	37	63	100	40	1	0	101	980	
Campania	42	8	50	69	119	19	1	0	120	980	
Campania	33	8	41	85	126	7	1	0	127	1141	
Campania	56	11	67	82	149	27	4	1	154	1375	
Campania	56	11	67	107	174	25	4	1	179	1551	
Campania	60	19	79	134	213	41	5	2	220	1671	
Campania	72	17	89	154	243	52	23	6	272	1936	
Campania	73	22	95	201	296	61	28	9	333	2213	
Campania	103	22	125	238	363	67	28	9	400	2517	
Campania	127	24	151	272	423	60	28	9	460	2685	
Campania	127	24	151	272	423	0	28	9	460	2685	
Campania	213	36	249	356	605	192	30	17	652	3544	
Campania	130	41	171	531	702	97	30	17	749	3845	
Campania	233	87	320	473	793	95	29	22	844	4448	
Campania	243	99	342	524	866	92	41	29	936	4943	
Campania	266	110	376	553	929	90	48	49	1026	5813	
Campania	345	181	526	466	992	75	53	56	1101	6297	
Campania	318	123	441	631	1072	98	53	74	1199	6972	
Campania	448	114	562	607	1169	111	58	83	1310	8346	
Campania	456	113	569	723	1292	144	64	98	1454	9613	
Campania	463	132	595	812	1407	138	76	109	1592	10616	
Campania	476	135	611	945	1556	167	86	117	1759	11805	
Campania	468	126	594	1145	1739	193	88	125	1952	12969	
Campania	501	133	634	1237	1871	140	88	133	2092	14403	
Campania	478	129	607	1369	1976	139	107	148	2231	15728	
Campania	503	120	623	1517	2140	225	149	167	2456	17404	
Campania	532	115	647	1705	2352	221	144	181	2677	19237	
Campania	567	114	681	1815	2496	151	146	186	2828	21534	
Campania	609	108	717	1904	2621	132	150	189	2960	23139	
Campania	610	101	711	1987	2698	98	156	204	3058	24526	
Campania	603	103	706	2059	2765	90	167	216	3148	25779	
Campania	608	97	705	2154	2859	120	188	221	3268	27784	
Campania	604	94	698	2175	2873	76	244	227	3344	29664	
Campania	600	90	690	2273	2963	98	248	231	3442	31745	
Campania	582	85	667	2335	3002	75	277	238	3517	33781	
Campania	526	82	608	2449	3057	87	305	242	3604	35448	
Campania	606	80	686	2376	3062	66	360	248	3670	36770	
Campania	618	82	700	2394	3094	99	415	260	3769	38094	
Campania	607	86	693	2394	3087	38	442	278	3807	39534	
Campania	618	76	694	2424	3118	80	483	286	3887	41296	
Campania	622	76	698	2329	3027	64	631	293	3951	43697	
Campania	605	76	681	2364	3045	37	643	300	3988	46294	
Campania	590	61	651	2371	3022	41	703	304	4029	48187	34994
Campania	586	61	647	2372	3019	45	746	309	4074	51090	36153
Campania	532	58	590	2356	2946	61	872	317	4135	53548	37505
Campania	523	53	576	2422	2998	50	860	327	4185	55701	38679
Campania	539	47	586	2392	2978	53	928	332	4238	58324	38679
Campania	524	44	568	2375	2943	44	1003	336	4282	61331	40053
Campania	543	55	598	2337	2935	17	1023	341	4299	64521	41399
Campania	536	45	581	2343	2924	32	1062	345	4331	67218	42279
Emilia	10	2	12	6	18	18	0	0	18	148	
Emilia	15	2	17	9	26	8	0	0	26	391	
Emilia	20	3	23	23	46	21	0	1	47	577	
Emilia	36	6	42	54	96	50	0	1	97	1033	
Emilia	56	6	62	81	143	48	0	2	145	1277	
Emilia	86	11	97	116	213	72	0	4	217	1550	
Emilia	127	13	140	137	277	68	0	8	285	1795	
Emilia	148	16	164	160	324	50	0	11	335	1973	
Emilia	187	24	211	187	398	85	4	18	420	2012	
Emilia	256	26	282	234	516	124	6	22	544	2500	
Emilia	327	32	359	299	658	154	10	30	698	2884	
Emilia	397	53	450	366	816	172	17	37	870	3136	
Emilia	464	64	528	409	937	140	25	48	1010	3604	
Emilia	542	75	617	480	1097	170	27	56	1180	4344	
Emilia	576	90	666	620	1286	206	30	70	1386	4906	
Emilia	669	98	767	650	1417	147	31	85	1533	5494	
Emilia	745	104	849	739	1588	206	38	113	1739	6640	
Emilia	814	112	926	832	1758	208	43	146	1947	7600	
Emilia	942	128	1070	941	2011	316	51	201	2263	8787	
Emilia	1076	152	1228	1121	2349	381	54	241	2644	10043	
Emilia	1215	169	1384	1357	2741	449	68	284	3093	12054	
Emilia	1362	197	1559	1529	3088	429	88	346	3522	13096	
Emilia	1566	223	1789	1615	3404	409	134	393	3931	14510	
Emilia	1784	247	2031	1884	3915	594	152	458	4525	15461	
Emilia	1900	260	2160	2346	4506	689	177	531	5214	18344	
Emilia	2083	267	2350	2739	5089	754	239	640	5968	20753	
Emilia	2267	265	2532	3129	5661	737	329	715	6705	24620	
Emilia	2429	269	2698	3692	6390	850	349	816	7555	28022	
Emilia	2846	276	3122	4098	7220	980	423	892	8535	31200	
Emilia	2974	291	3265	4446	7711	719	558	985	9254	33527	
Emilia	3180	294	3474	4782	8256	800	721	1077	10054	38045	
Emilia	3354	301	3655	5195	8850	762	792	1174	10816	42395	
Emilia	3461	308	3769	5592	9361	772	960	1267	11588	47798	
Emilia	3695	316	4011	5953	9964	795	1075	1344	12383	52991	
Emilia	3769	333	4102	6433	10535	736	1141	1443	13119	52991	
Emilia	3779	351	4130	6636	10766	412	1227	1538	13531	50990	
Emilia	3765	353	4118	6835	10953	543	1477	1644	14074	54532	
Emilia	3898	359	4257	7232	11489	713	1566	1732	14787	58457	
Emilia	3944	366	4310	7549	11859	546	1663	1811	15333	60507	
Emilia	3915	364	4279	7899	12178	599	1852	1902	15932	63682	
Emilia	3859	358	4217	8306	12523	608	2040	1977	16540	67075	
Emilia	3839	375	4214	8623	12837	549	2201	2051	17089	69986	
Emilia	3804	372	4176	8875	13051	467	2397	2108	17556	72163	
Emilia	3750	366	4116	8932	13048	269	2597	2180	17825	75191	
Emilia	3769	361	4130	8980	13110	409	2890	2234	18234	78367	
Emilia	3722	355	4077	9181	13258	443	3103	2316	18677	81715	
Emilia	3596	349	3945	9405	13350	451	3381	2397	19128	85884	
Emilia	3530	341	3871	9624	13495	507	3659	2481	19635	91759	
Emilia	3491	335	3826	9846	13672	463	3862	2564	20098	96704	
Emilia	3490	331	3821	9997	13818	342	4007	2615	20440	99047	
Emilia	3473	328	3801	9977	13778	312	4269	2705	20752	101896	
Emilia	3388	325	3713	9864	13577	277	4664	2788	21029	106149	
Emilia	3360	316	3676	9987	13663	457	4980	2843	21486	112105	
Emilia	3330	309	3639	9946	13585	348	5346	2903	21834	116826	
Emilia	3234	296	3530	10054	13584	350	5635	2965	22184	121220	
Emilia	3166	289	3455	10097	13552	376	5985	3023	22560	124916	88776
Emilia	3144	283	3427	10095	13522	307	6266	3079	22867	129530	90894
Emilia	3045	282	3327	9917	13244	225	6701	3147	23092	134878	93367
Emilia	2964	282	3246	9838	13084	342	7146	3204	23434	140874	96824
Emilia	2889	266	3155	9690	12845	289	7609	3269	23723	146146	99714
Emilia	2807	264	3071	9438	12509	247	8158	3303	23970	151505	102495
Emilia	2718	246	2964	9383	12347	239	8515	3347	24209	156883	105628
Emilia	2695	245	2940	9401	12341	241	8723	3386	24450	161928	109192
Friuli	0	0	0	0	0	0	0	0	0	58	
Friuli	0	0	0	0	0	0	0	0	0	89	
Friuli	0	0	0	0	0	0	0	0	0	114	
Friuli	0	0	0	0	0	0	0	0	0	141	
Friuli	0	0	0	0	0	0	0	0	0	169	
Friuli	0	0	0	0	0	0	0	0	0	189	
Friuli	0	0	0	6	6	6	0	0	6	243	
Friuli	0	0	0	9	9	3	0	0	9	269	
Friuli	1	0	1	12	13	4	0	0	13	354	
Friuli	3	0	3	15	18	5	0	0	18	376	
Friuli	4	0	4	17	21	3	0	0	21	397	
Friuli	4	0	4	24	28	10	3	0	31	577	
Friuli	7	1	8	31	39	11	3	0	42	577	
Friuli	7	1	8	45	53	15	3	1	57	997	
Friuli	18	1	19	70	89	36	3	1	93	1344	
Friuli	27	6	33	77	110	23	3	3	116	1602	
Friuli	16	5	21	89	110	10	10	6	126	2073	
Friuli	23	10	33	115	148	41	11	8	167	2604	
Friuli	59	8	67	169	236	90	11	10	257	3149	
Friuli	67	11	78	193	271	44	17	13	301	3376	
Friuli	98	12	110	206	316	46	17	14	347	3407	
Friuli	96	19	115	231	346	39	18	22	386	4851	
Friuli	104	21	125	222	347	8	17	30	394	4958	
Friuli	128	27	155	261	416	68	15	31	462	4958	
Friuli	134	29	163	359	522	137	41	36	599	4052	
Friuli	143	32	175	380	555	57	63	38	656	4964	
Friuli	152	37	189	477	666	134	82	42	790	5955	
Friuli	163	47	210	528	738	84	89	47	874	6761	
Friuli	185	41	226	545	771	56	105	54	930	7424	
Friuli	195	49	244	604	848	62	80	64	992	8526	
Friuli	200	52	252	659	911	147	158	70	1139	9494	
Friuli	212	54	266	688	954	84	197	72	1223	10721	
Friuli	222	57	279	748	1027	94	214	76	1317	11841	
Friuli	223	59	282	838	1120	119	229	87	1436	12723	
Friuli	236	60	296	845	1141	44	241	98	1480	13397	
Friuli	229	60	289	820	1109	21	285	107	1501	14003	
Friuli	215	60	275	885	1160	92	320	113	1593	14899	
Friuli	206	60	266	940	1206	92	357	122	1685	15987	
Friuli	199	60	259	1035	1294	114	376	129	1799	17121	
Friuli	201	61	262	1062	1324	80	419	136	1879	19985	
Friuli	183	50	233	1103	1336	107	505	145	1986	21126	
Friuli	185	50	235	1128	1363	62	531	154	2048	21652	
Friuli	189	46	235	1161	1396	55	549	158	2103	22272	
Friuli	185	44	229	1150	1379	50	610	164	2153	23536	
Friuli	162	41	203	1212	1415	65	634	169	2218	24798	
Friuli	167	37	204	1186	1390	81	738	171	2299	26205	
Friuli	167	33	200	1198	1398	50	772	179	2349	28097	
Friuli	172	28	200	1182	1382	44	826	185	2393	29685	
Friuli	160	28	188	1138	1326	38	910	195	2431	29988	
Friuli	159	30	189	1118	1307	51	973	202	2482	30941	
Friuli	166	28	194	705	899	38	1415	206	2520	31764	
Friuli	163	24	187	1207	1394	24	938	212	2544	33800	
Friuli	159	26	185	1145	1330	72	1069	217	2616	35766	
Friuli	148	23	171	1257	1428	59	1027	220	2675	40030	
Friuli	141	27	168	1235	1403	56	1106	222	2731	43293	
Friuli	140	25	165	1172	1337	14	1183	225	2745	44622	27544
Friuli	140	22	162	1028	1190	30	1346	239	2775	45161	28777
Friuli	139	21	160	1162	1322	17	1229	241	2792	48500	31352
Friuli	134	20	154	1154	1308	25	1263	246	2817	50869	32871
Friuli	138	18	156	979	1135	41	1467	256	2858	52918	34057
Friuli	136	16	152	1168	1320	24	1304	258	2882	55502	35547
Friuli	122	15	137	947	1084	21	1556	263	2903	58375	37211
Friuli	129	13	142	1106	1248	14	1405	264	2917	59681	38202
Lazio	1	1	2	0	2	2	1	0	3	124	
Lazio	1	1	2	0	2	0	1	0	3	124	
Lazio	0	0	0	0	0	0	3	0	3	124	
Lazio	0	0	0	0	0	0	3	0	3	552	
Lazio	0	0	0	0	0	0	3	0	3	611	
Lazio	3	0	3	0	3	3	3	0	6	679	
Lazio	3	0	3	0	3	0	3	0	6	724	
Lazio	3	0	3	1	4	1	3	0	7	773	
Lazio	10	0	10	1	11	7	3	0	14	877	
Lazio	15	3	18	9	27	16	3	0	30	995	
Lazio	20	7	27	14	41	14	3	0	44	1175	
Lazio	26	8	34	16	50	10	3	1	54	1373	
Lazio	43	8	51	21	72	22	3	1	76	1582	
Lazio	47	8	55	26	81	11	3	3	87	1929	
Lazio	55	8	63	31	94	15	3	5	102	1929	
Lazio	50	15	65	34	99	14	11	6	116	3591	
Lazio	67	18	85	40	125	34	19	6	150	3591	
Lazio	85	20	105	67	172	50	19	9	200	5592	
Lazio	122	24	146	96	242	77	24	11	277	6491	
Lazio	181	25	206	114	320	80	24	13	357	7335	
Lazio	223	31	254	142	396	79	24	16	436	8345	
Lazio	267	31	298	174	472	87	32	19	523	9330	
Lazio	314	44	358	192	550	84	34	23	607	9436	
Lazio	374	44	418	232	650	117	42	32	724	11145	
Lazio	426	45	471	270	741	99	44	38	823	11145	
Lazio	537	47	584	328	912	185	53	43	1008	13889	
Lazio	591	70	661	425	1086	182	54	50	1190	13889	
Lazio	671	79	750	522	1272	193	58	53	1383	17845	
Lazio	718	96	814	600	1414	157	63	63	1540	18371	
Lazio	747	94	841	704	1545	188	103	80	1728	18371	
Lazio	805	101	906	769	1675	173	131	95	1901	20669	
Lazio	878	113	991	844	1835	195	155	106	2096	22771	
Lazio	992	126	1118	895	2013	199	164	118	2295	24106	
Lazio	985	133	1118	1063	2181	210	200	124	2505	27179	
Lazio	1062	133	1195	1167	2362	201	208	136	2706	27744	
Lazio	1079	154	1233	1264	2497	208	267	150	2914	32846	
Lazio	1127	173	1300	1342	2642	181	291	162	3095	34677	
Lazio	1131	177	1308	1450	2758	169	337	169	3264	35810	
Lazio	1169	181	1350	1529	2879	169	369	185	3433	41575	
Lazio	1194	188	1382	1627	3009	167	392	199	3600	43776	
Lazio	1236	193	1429	1677	3106	157	439	212	3757	44624	
Lazio	1235	197	1432	1754	3186	123	475	219	3880	44658	
Lazio	1235	197	1432	1868	3300	151	502	229	4031	47470	
Lazio	1229	192	1421	1944	3365	118	546	238	4149	48874	
Lazio	1241	196	1437	2011	3448	117	574	244	4266	55113	
Lazio	1244	198	1442	2090	3532	163	644	253	4429	58107	
Lazio	1236	201	1437	2196	3633	154	687	263	4583	61769	
Lazio	1264	203	1467	2263	3730	140	720	273	4723	65241	
Lazio	1268	201	1469	2348	3817	122	749	279	4845	68954	
Lazio	1314	200	1514	2406	3920	123	764	284	4968	72746	
Lazio	1344	199	1543	2479	4022	143	789	300	5111	74650	
Lazio	1342	196	1538	2509	4047	121	874	311	5232	75584	
Lazio	1347	197	1544	2600	4144	148	920	316	5380	81993	
Lazio	1332	187	1519	2695	4214	144	978	332	5524	84755	
Lazio	1376	186	1562	2720	4282	144	1046	340	5668	89553	
Lazio	1370	185	1555	2766	4321	87	1093	341	5755	91807	22702
Lazio	1388	185	1573	2792	4365	60	1101	349	5815	97823	23067
Lazio	1380	184	1564	2838	4402	80	1130	363	5895	100031	24046
Lazio	1384	187	1571	2892	4463	80	1142	370	5975	104062	25244
Lazio	1385	186	1571	2915	4486	79	1193	375	6054	111073	26298
Lazio	1396	184	1580	2912	4492	78	1256	384	6132	114317	86545
Lazio	1421	183	1604	2957	4561	92	1276	387	6224	118354	90582
Lazio	1442	161	1603	2970	4573	85	1347	389	6309	121677	93811
Liguria	0	0	0	0	0	0	0	0	0	1	
Liguria	1	0	1	0	1	1	0	0	1	39	
Liguria	6	0	6	5	11	10	0	0	11	66	
Liguria	9	0	9	10	19	8	0	0	19	78	
Liguria	9	0	9	10	19	0	0	0	19	112	
Liguria	4	1	5	33	38	23	4	0	42	121	
Liguria	12	1	13	8	21	-17	4	0	25	121	
Liguria	12	1	13	5	18	-3	4	0	22	121	
Liguria	12	2	14	5	19	2	4	1	24	121	
Liguria	10	3	13	8	21	2	4	1	26	133	
Liguria	11	3	14	7	21	2	4	3	28	146	
Liguria	12	5	17	7	24	4	5	3	32	229	
Liguria	26	6	32	10	42	19	5	4	51	331	
Liguria	39	11	50	17	67	27	5	6	78	401	
Liguria	60	17	77	20	97	31	5	7	109	611	
Liguria	57	29	86	42	128	32	5	8	141	694	
Liguria	74	34	108	73	181	53	5	8	194	1025	
Liguria	100	36	136	107	243	80	20	11	274	1174	
Liguria	128	44	172	132	304	71	24	17	345	1442	
Liguria	213	62	275	109	384	118	52	27	463	1750	
Liguria	253	66	319	174	493	96	33	33	559	1973	
Liguria	255	73	328	247	575	108	42	50	667	2189	
Liguria	299	85	384	277	661	111	57	60	778	2509	
Liguria	401	100	501	243	744	109	70	73	887	2912	
Liguria	491	112	603	280	883	172	85	91	1059	3348	
Liguria	573	121	694	307	1001	162	101	119	1221	3794	
Liguria	598	129	727	432	1159	215	125	152	1436	4304	
Liguria	736	132	868	483	1351	229	143	171	1665	4995	
Liguria	761	133	894	659	1553	259	159	212	1924	5538	
Liguria	803	147	950	742	1692	192	193	231	2116	5992	
Liguria	927	147	1074	752	1826	189	225	254	2305	6602	
Liguria	998	154	1152	875	2027	262	260	280	2567	7304	
Liguria	1023	157	1180	880	2060	129	305	331	2696	7804	
Liguria	1031	167	1198	888	2086	126	378	358	2822	8177	
Liguria	1077	166	1243	1036	2279	254	420	377	3076	9100	
Liguria	1142	175	1317	1066	2383	141	437	397	3217	9677	
Liguria	1153	179	1332	1176	2508	199	480	428	3416	10376	
Liguria	1114	179	1293	1352	2645	244	555	460	3660	11334	
Liguria	1120	172	1292	1368	2660	122	634	488	3782	12069	
Liguria	1147	173	1320	1426	2746	183	700	519	3965	12934	
Liguria	1121	169	1290	1604	2894	238	767	542	4203	14087	
Liguria	1126	165	1291	1802	3093	246	800	556	4449	15047	
Liguria	1141	162	1303	1814	3117	100	837	595	4549	15533	
Liguria	1090	156	1246	1966	3212	208	925	620	4757	16579	
Liguria	1109	153	1262	1983	3245	149	1007	654	4906	17521	
Liguria	1103	154	1257	1996	3253	114	1085	682	5020	18446	
Liguria	1076	151	1227	2074	3301	171	1181	709	5191	19514	
Liguria	1003	146	1149	2184	3333	185	1309	734	5376	20888	
Liguria	1032	144	1176	2157	3333	118	1412	749	5494	21983	
Liguria	1088	138	1226	2139	3365	102	1471	760	5596	23129	
Liguria	967	133	1100	2366	3466	212	1549	793	5808	24446	
Liguria	959	120	1079	2385	3464	128	1665	807	5936	25793	
Liguria	957	103	1060	2377	3437	103	1774	828	6039	26945	
Liguria	897	105	1002	2457	3459	149	1863	866	6188	28181	
Liguria	901	105	1006	2406	3412	113	1992	897	6301	29322	
Liguria	885	101	986	2504	3490	227	2110	928	6528	31551	21103
Liguria	878	102	980	2516	3496	141	2216	957	6669	33007	21979
Liguria	914	94	1008	2455	3463	95	2311	990	6764	34186	22670
Liguria	860	92	952	2524	3476	154	2420	1022	6918	35990	23756
Liguria	783	91	874	2592	3466	131	2536	1047	7049	37842	25045
Liguria	760	87	847	2590	3437	124	2660	1076	7173	39563	26040
Liguria	759	83	842	2591	3433	128	2775	1093	7301	41125	26898
Liguria	748	82	830	2650	3480	187	2894	1114	7488	42607	27852
Lombardia	76	19	95	71	166	166	0	6	172	1463	
Lombardia	79	25	104	127	231	68	0	9	240	3700	
Lombardia	79	25	104	145	249	18	0	9	258	3208	
Lombardia	172	41	213	136	349	145	40	14	403	3320	
Lombardia	235	47	282	192	474	128	40	17	531	4835	
Lombardia	256	80	336	216	552	84	40	23	615	5723	
Lombardia	406	106	512	375	887	369	73	24	984	6879	
Lombardia	478	127	605	472	1077	270	139	38	1254	7925	
Lombardia	698	167	865	461	1326	266	139	55	1520	9577	
Lombardia	877	209	1086	411	1497	300	250	73	1820	12138	
Lombardia	1169	244	1413	364	1777	431	376	98	2251	12354	
Lombardia	1622	309	1931	77	2008	361	469	135	2612	13556	
Lombardia	1661	359	2020	722	2742	808	524	154	3420	15778	
Lombardia	2217	399	2616	756	3372	769	550	267	4189	18534	
Lombardia	2802	440	3242	1248	4490	1280	646	333	5469	20135	
Lombardia	3319	466	3785	642	4427	322	896	468	5791	21479	
Lombardia	3852	560	4412	1351	5763	1489	900	617	7280	25629	
Lombardia	4247	605	4852	2044	6896	1445	1085	744	8725	29534	
Lombardia	4435	650	5085	2647	7732	1095	1198	890	9820	32700	
Lombardia	4898	732	5630	3429	9059	1865	1660	966	11685	37138	
Lombardia	5500	767	6267	3776	10043	1587	2011	1218	13272	40369	
Lombardia	6171	823	6994	3867	10861	1377	2368	1420	14649	43565	
Lombardia	6953	879	7832	4263	12095	1571	2485	1640	16220	46449	
Lombardia	7285	924	8209	4057	12266	1493	3488	1959	17713	48983	
Lombardia	7387	1006	8393	5545	13938	2171	3778	2168	19884	52244	
Lombardia	7735	1050	8785	6635	15420	2380	4295	2549	22264	57174	
Lombardia	8258	1093	9351	8019	17370	3251	5050	3095	25515	66730	
Lombardia	9439	1142	10581	7304	17885	1691	5865	3456	27206	70598	
Lombardia	9266	1183	10449	8461	18910	1555	6075	3776	28761	73242	
Lombardia	9711	1194	10905	8963	19868	1942	6657	4178	30703	76695	
Lombardia	10026	1236	11262	9329	20591	1643	7281	4474	32346	81666	
Lombardia	10681	1263	11944	10245	22189	2543	7839	4861	34889	87713	
Lombardia	11137	1292	12429	11466	23895	2409	8001	5402	37298	95860	
Lombardia	11152	1319	12471	12038	24509	2117	8962	5944	39415	102503	
Lombardia	11613	1328	12941	12451	25392	1592	9255	6360	41007	107398	
Lombardia	11815	1330	13145	11861	25006	1154	10337	6818	42161	111057	
Lombardia	11883	1324	13207	11917	25124	1047	10885	7199	43208	114640	
Lombardia	11927	1342	13269	12496	25765	1565	11415	7593	44773	121449	
Lombardia	11762	1351	13113	12763	25876	1292	12229	7960	46065	128286	
Lombardia	11802	1381	13183	13006	26189	1455	13020	8311	47520	135051	
Lombardia	12002	1326	13328	13892	27220	1598	13242	8656	49118	141877	
Lombardia	12009	1317	13326	14798	28124	1337	13426	8905	50455	149984	
Lombardia	11914	1343	13257	15212	28469	1079	13863	9202	51534	154989	
Lombardia	11833	1305	13138	15205	28343	791	14498	9484	52325	159331	
Lombardia	11719	1257	12976	15569	28545	1089	15147	9722	53414	167557	
Lombardia	11796	1236	13032	16042	29074	1388	15706	10022	54802	176953	
Lombardia	11877	1202	13079	16451	29530	1246	16280	10238	56048	186325	
Lombardia	12026	1174	13200	17058	30258	1544	16823	10511	57592	196302	
Lombardia	11969	1176	13145	18120	31265	1460	17166	10621	59052	205832	
Lombardia	12028	1143	13171	18764	31935	1262	17478	10901	60314	211092	
Lombardia	12077	1122	13199	19164	32363	1012	17821	11142	61326	214870	
Lombardia	12043	1074	13117	19804	32921	827	17855	11377	62153	221968	
Lombardia	11356	1032	12388	20702	33090	941	18396	11608	63094	232674	
Lombardia	10627	971	11598	21836	33434	1041	18850	11851	64135	243513	
Lombardia	10042	947	10989	23206	34195	1246	19136	12050	65381	255331	
Lombardia	10342	922	11264	23233	34497	855	19526	12213	66236	264155	183757
Lombardia	10138	901	11039	23548	34587	735	20008	12376	66971	270486	173333
Lombardia	9805	851	10656	23322	33978	960	21374	12579	67931	277197	173333
Lombardia	9692	817	10509	23733	34242	1161	22110	12740	69092	290699	184323
Lombardia	9192	790	9982	23891	33873	1073	23352	12940	70165	302715	190451
Lombardia	8791	756	9547	24821	34368	1091	23782	13106	71256	314298	196406
Lombardia	8489	724	9213	25260	34473	713	24227	13269	71969	326940	202827
Lombardia	8481	706	9187	25979	35166	920	24398	13325	72889	337797	208471
Marche	0	0	0	0	0	0	0	0	0	16	
Marche	0	0	0	0	0	0	0	0	0	21	
Marche	1	0	1	0	1	1	0	0	1	28	
Marche	2	1	3	0	3	2	0	0	3	46	
Marche	3	2	5	1	6	3	0	0	6	47	
Marche	6	2	8	3	11	5	0	0	11	68	
Marche	12	5	17	8	25	14	0	0	25	101	
Marche	17	6	23	11	34	10	0	1	35	137	
Marche	27	13	40	19	59	26	0	2	61	200	
Marche	34	15	49	31	80	23	0	4	84	288	
Marche	57	19	76	44	120	40	0	4	124	413	
Marche	73	20	93	62	155	35	0	4	159	585	
Marche	94	36	130	71	201	48	0	6	207	816	
Marche	110	41	151	114	265	65	0	7	272	1025	
Marche	136	47	183	130	313	51	0	10	323	1250	
Marche	152	54	206	175	381	71	0	13	394	1437	
Marche	212	66	278	183	461	85	0	18	479	1656	
Marche	254	76	330	240	570	113	0	22	592	1907	
Marche	337	85	422	276	698	133	0	27	725	2218	
Marche	449	93	542	321	863	174	0	36	899	2561	
Marche	521	98	619	468	1087	234	0	46	1133	2946	
Marche	528	110	638	547	1185	109	0	57	1242	3225	
Marche	599	109	708	594	1302	129	0	69	1371	3225	
Marche	638	119	757	719	1476	197	0	92	1568	4109	
Marche	656	141	797	825	1622	169	0	115	1737	4512	
Marche	704	138	842	1002	1844	244	0	137	1981	5170	
Marche	742	141	883	1114	1997	172	2	154	2153	5740	
Marche	816	138	954	1277	2231	268	6	184	2421	6391	
Marche	882	148	1030	1328	2358	148	8	203	2569	6782	
Marche	862	149	1011	1486	2497	167	8	231	2736	7229	
Marche	938	148	1086	1553	2639	198	8	287	2934	7896	
Marche	977	166	1143	1652	2795	180	9	310	3114	8623	
Marche	979	162	1141	1709	2850	82	10	336	3196	9060	
Marche	987	166	1153	1846	2999	177	10	364	3373	9884	
Marche	1000	168	1168	1992	3160	185	12	386	3558	10431	
Marche	998	167	1165	2086	3251	126	16	417	3684	10979	
Marche	946	169	1115	2237	3352	141	21	452	3825	11724	
Marche	984	168	1152	2304	3456	137	29	477	3962	12296	
Marche	986	164	1150	2405	3555	136	40	503	4098	12943	
Marche	982	158	1140	2491	3631	132	42	557	4230	13678	
Marche	997	153	1150	2347	3497	111	270	574	4341	14472	
Marche	987	151	1138	2440	3578	123	287	599	4464	15252	
Marche	1001	140	1141	2565	3706	150	296	612	4614	15919	
Marche	962	139	1101	2637	3738	96	342	630	4710	16619	
Marche	974	133	1107	2455	3562	149	645	652	4859	17532	
Marche	945	133	1078	2323	3401	96	885	669	4955	18194	
Marche	925	127	1052	2264	3316	129	1086	682	5084	18970	
Marche	960	118	1078	2153	3231	127	1291	689	5211	20060	
Marche	949	114	1063	2051	3114	92	1489	700	5303	21057	
Marche	959	108	1067	2013	3080	78	1588	713	5381	28379	
Marche	937	106	1043	2052	3095	45	1603	728	5426	29160	
Marche	888	106	994	2103	3097	77	1660	746	5503	30329	
Marche	850	102	952	2172	3124	79	1694	764	5582	33778	
Marche	839	94	933	2224	3157	86	1726	785	5668	37997	
Marche	804	88	892	2280	3172	53	1754	795	5721	39909	
Marche	799	86	885	2297	3182	48	1780	807	5769	41474	27099
Marche	792	80	872	2340	3212	57	1792	822	5826	42782	28006
Marche	784	78	862	2356	3218	51	1825	834	5877	44332	29090
Marche	735	76	811	2419	3230	47	1849	845	5924	46492	30543
Marche	727	71	798	2432	3230	28	1865	857	5952	47662	31673
Marche	705	61	766	2507	3273	76	1890	865	6028	49163	33113
Marche	689	58	747	2525	3272	30	1912	874	6058	50996	34256
Marche	668	58	726	2582	3308	53	1924	879	6111	52063	35107
Molise	0	0	0	0	0	0	0	0	0	0	
Molise	0	0	0	0	0	0	0	0	0	0	
Molise	0	0	0	0	0	0	0	0	0	0	
Molise	0	0	0	0	0	0	0	0	0	0	
Molise	0	0	0	0	0	0	0	0	0	0	
Molise	0	0	0	0	0	0	0	0	0	0	
Molise	0	0	0	0	0	0	0	0	0	6	
Molise	0	0	0	0	0	0	0	0	0	13	
Molise	3	0	3	0	3	3	0	0	3	13	
Molise	3	0	3	0	3	0	0	0	3	19	
Molise	4	0	4	3	7	4	0	0	7	24	
Molise	3	2	5	7	12	5	0	0	12	104	
Molise	3	2	5	9	14	2	0	0	14	112	
Molise	4	2	6	8	14	0	0	0	14	116	
Molise	4	2	6	8	14	0	0	0	14	212	
Molise	3	3	6	9	15	1	0	0	15	225	
Molise	4	3	7	9	16	1	0	0	16	233	
Molise	4	3	7	9	16	0	0	0	16	238	
Molise	5	3	8	9	17	1	0	0	17	243	
Molise	5	3	8	9	17	0	0	0	17	247	
Molise	3	4	7	10	17	0	0	0	17	248	
Molise	3	5	8	7	15	4	5	1	21	253	
Molise	7	5	12	7	19	4	5	1	25	301	
Molise	7	6	13	8	21	3	6	1	28	361	
Molise	19	6	25	13	38	18	6	2	46	426	
Molise	20	6	26	13	39	4	6	5	50	426	
Molise	21	6	27	20	47	11	7	7	61	449	
Molise	24	7	31	21	52	5	7	7	66	532	
Molise	25	7	32	18	50	1	10	7	67	532	
Molise	27	7	34	21	55	6	10	8	73	572	
Molise	26	7	33	20	53	0	12	8	73	580	
Molise	27	8	35	46	81	30	14	8	103	670	
Molise	26	9	35	51	86	6	14	9	109	710	
Molise	26	9	35	63	98	14	16	9	123	807	
Molise	25	9	34	66	100	4	18	9	127	918	
Molise	27	8	35	72	107	7	18	9	134	955	
Molise	29	8	37	80	117	10	18	9	144	1049	
Molise	32	8	40	91	131	16	19	10	160	1157	
Molise	30	8	38	95	133	5	21	11	165	1229	
Molise	31	8	39	105	144	11	21	11	176	1378	
Molise	31	6	37	134	171	30	24	11	206	1504	
Molise	33	6	39	148	187	18	24	13	224	1504	
Molise	34	5	39	148	187	0	24	13	224	1546	
Molise	35	5	40	145	185	0	26	13	224	1581	
Molise	30	4	34	147	181	2	32	13	226	2002	
Molise	30	4	34	155	189	8	32	13	234	2069	
Molise	28	4	32	161	193	9	37	13	243	2069	
Molise	28	4	32	161	193	3	39	14	246	2201	
Molise	27	4	31	171	202	11	40	15	257	2471	
Molise	28	4	32	170	202	0	40	15	257	2522	
Molise	26	4	30	170	200	0	42	15	257	2522	
Molise	27	4	31	175	206	6	42	15	263	2855	
Molise	25	4	29	174	203	0	44	16	263	2967	
Molise	26	4	30	178	208	6	45	16	269	3082	
Molise	27	4	31	178	209	0	44	16	269	3082	
Molise	27	4	31	184	215	10	47	17	279	3584	3482
Molise	27	2	29	184	213	2	50	18	281	3783	3683
Molise	27	2	29	184	213	1	51	18	282	4124	4015
Molise	21	2	23	182	205	2	60	19	284	4425	4252
Molise	19	1	20	178	198	0	66	20	284	4564	4478
Molise	19	1	20	180	200	3	67	20	287	4805	4718
Molise	19	1	20	178	198	5	73	21	292	5191	5089
Molise	20	1	21	179	200	4	75	21	296	5567	5334
Piemonte	2	0	2	1	3	3	0	0	3	141	
Piemonte	2	0	2	1	3	0	0	0	3	141	
Piemonte	2	0	2	1	3	0	0	0	3	156	
Piemonte	2	0	2	0	2	-1	0	0	2	156	
Piemonte	7	0	7	4	11	9	0	0	11	227	
Piemonte	7	0	7	4	11	0	0	0	11	308	
Piemonte	11	2	13	36	49	38	0	0	49	362	
Piemonte	12	2	14	37	51	2	0	0	51	434	
Piemonte	13	3	16	40	56	5	0	0	56	458	
Piemonte	26	13	39	43	82	26	0	0	82	543	
Piemonte	43	17	60	46	106	26	0	2	108	543	
Piemonte	57	30	87	52	139	35	0	4	143	793	
Piemonte	110	38	148	54	202	64	0	5	207	1046	
Piemonte	245	45	290	65	355	153	0	5	360	1636	
Piemonte	222	50	272	65	337	-10	0	13	350	1681	
Piemonte	306	66	372	64	436	103	0	17	453	2374	
Piemonte	319	75	394	86	480	48	0	21	501	2431	
Piemonte	368	97	465	89	554	79	0	26	580	2879	
Piemonte	556	135	691	103	794	260	0	46	840	3105	
Piemonte	538	150	688	126	814	33	0	59	873	3680	
Piemonte	726	171	897	133	1030	238	0	81	1111	4375	
Piemonte	1045	186	1231	174	1405	405	0	111	1516	5588	
Piemonte	1378	206	1584	180	1764	381	0	133	1897	6543	
Piemonte	1780	227	2007	180	2187	444	0	154	2341	7516	
Piemonte	2279	257	2536	218	2754	591	3	175	2932	8853	
Piemonte	1541	280	1821	1423	3244	529	8	209	3461	9975	
Piemonte	1976	301	2277	1229	3506	291	8	238	3752	10701	
Piemonte	2118	308	2426	1701	4127	668	10	283	4420	12701	
Piemonte	2194	343	2537	1992	4529	441	17	315	4861	13560	
Piemonte	2404	360	2764	2360	5124	654	17	374	5515	15469	
Piemonte	2544	381	2925	2631	5556	509	19	449	6024	16655	
Piemonte	2633	408	3041	2909	5950	510	135	449	6534	18054	
Piemonte	2852	431	3283	3064	6347	558	176	569	7092	19705	
Piemonte	3094	439	3533	3318	6851	579	203	617	7671	21511	
Piemonte	2985	443	3428	3840	7268	535	254	684	8206	24058	
Piemonte	2985	452	3437	4218	7655	506	308	749	8712	25478	
Piemonte	3174	452	3626	4456	8082	589	365	854	9301	27658	
Piemonte	3146	453	3599	4871	8470	494	439	886	9795	30060	
Piemonte	3341	453	3794	5005	8799	558	571	983	10353	32100	
Piemonte	3300	452	3752	5378	9130	543	723	1043	10896	34281	
Piemonte	3441	450	3891	5802	9693	813	888	1128	11709	37181	
Piemonte	3472	444	3916	6261	10177	653	1017	1168	12362	38539	
Piemonte	3484	438	3922	6623	10545	562	1128	1251	12924	41123	
Piemonte	3553	432	3985	6719	10704	419	1320	1319	13343	44121	
Piemonte	3493	423	3916	7073	10989	540	1516	1378	13883	48495	
Piemonte	3514	412	3926	7410	11336	639	1732	1454	14522	52807	
Piemonte	3497	394	3891	7685	11576	490	1904	1532	15012	57457	
Piemonte	3435	384	3819	8351	12170	996	2205	1633	16008	62577	
Piemonte	3429	381	3810	8695	12505	652	2426	1729	16660	66555	
Piemonte	3344	379	3723	9042	12765	474	2543	1826	17134	69170	
Piemonte	3395	367	3762	9293	13055	556	2708	1927	17690	71678	
Piemonte	3338	366	3704	9491	13195	539	3019	2015	18229	75664	
Piemonte	3418	346	3764	10019	13783	879	3231	2094	19108	80708	
Piemonte	3266	333	3599	10399	13998	695	3634	2171	19803	86714	
Piemonte	3271	323	3594	10629	14223	661	3989	2252	20464	91844	
Piemonte	3201	305	3506	10964	14470	593	4256	2331	21057	96569	71644
Piemonte	3299	301	3600	10957	14557	292	4383	2409	21349	99669	73192
Piemonte	3116	293	3409	11402	14811	606	4659	2485	21955	105434	76406
Piemonte	3213	273	3486	11636	15122	784	5058	2559	22739	111513	81176
Piemonte	3039	261	3300	11852	15152	401	5358	2630	23140	117970	84648
Piemonte	2918	257	3175	12216	15391	682	5732	2699	23822	125300	89392
Piemonte	2937	238	3175	12327	15502	604	6157	2767	24426	131107	93325
Piemonte	2866	214	3080	12439	15519	394	6478	2823	24820	135142	96977
Puglia	0	0	0	0	0	0	0	0	0	0	
Puglia	0	0	0	0	0	0	0	0	0	0	
Puglia	0	0	0	0	0	0	0	0	0	0	
Puglia	1	0	1	0	1	1	0	0	1	0	
Puglia	1	0	1	2	3	2	0	0	3	242	
Puglia	1	0	1	2	3	0	0	0	3	252	
Puglia	1	0	1	2	3	0	0	0	3	262	
Puglia	2	0	2	2	4	1	0	0	4	278	
Puglia	2	0	2	4	6	2	0	0	6	298	
Puglia	4	0	4	3	7	3	1	1	9	322	
Puglia	5	1	6	6	12	5	1	1	14	359	
Puglia	5	1	6	9	15	3	1	1	17	395	
Puglia	9	2	11	12	23	9	1	2	26	395	
Puglia	17	3	20	16	36	14	1	3	40	627	
Puglia	20	6	26	20	46	10	1	3	50	685	
Puglia	28	6	34	21	55	9	1	3	59	747	
Puglia	38	4	42	29	71	18	1	5	77	909	
Puglia	58	2	60	38	98	27	1	5	104	1269	
Puglia	77	2	79	42	121	25	3	5	129	1449	
Puglia	91	6	97	59	156	37	2	8	166	1681	
Puglia	116	6	122	90	212	64	2	16	230	2017	
Puglia	116	6	122	90	212	0	2	16	230	2017	
Puglia	155	14	169	151	320	110	2	18	340	3077	
Puglia	156	30	186	176	362	43	2	19	383	3433	
Puglia	173	31	204	245	449	95	4	25	478	4046	
Puglia	191	31	222	329	551	103	4	26	581	4789	
Puglia	209	33	242	400	642	94	4	29	675	5617	
Puglia	252	37	289	459	748	111	7	31	786	6160	
Puglia	285	45	330	532	862	120	7	37	906	6761	
Puglia	317	57	374	566	940	99	21	44	1005	7345	
Puglia	349	64	413	610	1023	88	22	48	1093	8223	
Puglia	480	76	556	539	1095	89	22	65	1182	9191	
Puglia	530	82	612	624	1236	152	29	69	1334	10233	
Puglia	563	98	661	697	1358	124	29	71	1458	11500	
Puglia	559	99	658	774	1432	91	31	86	1549	12361	
Puglia	590	106	696	889	1585	163	36	91	1712	13117	
Puglia	609	105	714	940	1654	91	39	110	1803	14073	
Puglia	637	107	744	1012	1756	143	61	129	1946	15209	
Puglia	645	118	763	1101	1864	131	69	144	2077	16554	
Puglia	648	123	771	1178	1949	105	69	164	2182	17924	
Puglia	627	153	780	1193	1973	58	94	173	2240	18977	
Puglia	574	159	733	1289	2022	77	113	182	2317	20080	
Puglia	625	97	722	1393	2115	127	134	195	2444	22059	
Puglia	615	93	708	1429	2137	70	168	209	2514	23149	
Puglia	639	90	729	1509	2238	120	177	219	2634	24493	
Puglia	630	86	716	1585	2301	82	190	225	2716	26088	
Puglia	631	80	711	1625	2336	93	235	238	2809	27812	
Puglia	627	73	700	1702	2402	95	249	253	2904	29463	
Puglia	609	71	680	1772	2452	85	277	260	2989	30973	
Puglia	600	71	671	1841	2512	76	286	267	3065	31922	
Puglia	611	62	673	1879	2552	53	288	278	3118	33071	
Puglia	592	73	665	1908	2573	66	323	288	3184	34518	
Puglia	603	58	661	1964	2625	74	334	299	3258	36158	
Puglia	590	62	652	2004	2656	69	364	307	3327	38278	
Puglia	594	60	654	2040	2694	82	401	314	3409	40423	
Puglia	590	60	650	2136	2786	120	427	316	3529	42598	41580
Puglia	584	66	650	2160	2810	38	431	326	3567	44189	43119
Puglia	569	65	634	2178	2812	55	459	351	3622	45984	44760
Puglia	564	60	624	2250	2874	108	494	362	3730	48342	46925
Puglia	536	55	591	2345	2936	109	531	372	3839	50410	49403
Puglia	496	51	547	2386	2933	42	565	383	3881	52472	51517
Puglia	469	48	517	2402	2919	31	602	391	3912	54628	53500
Puglia	464	48	512	2425	2937	36	612	399	3948	55992	55397
Sardegna	0	0	0	0	0	0	0	0	0	1	
Sardegna	0	0	0	0	0	0	0	0	0	1	
Sardegna	0	0	0	0	0	0	0	0	0	1	
Sardegna	0	0	0	0	0	0	0	0	0	1	
Sardegna	0	0	0	0	0	0	0	0	0	1	
Sardegna	0	0	0	0	0	0	0	0	0	1	
Sardegna	0	0	0	0	0	0	0	0	0	29	
Sardegna	0	0	0	0	0	0	0	0	0	29	
Sardegna	1	0	1	0	1	1	0	0	1	29	
Sardegna	1	0	1	1	2	1	0	0	2	42	
Sardegna	2	0	2	0	2	0	0	0	2	50	
Sardegna	2	0	2	3	5	3	0	0	5	99	
Sardegna	2	0	2	3	5	0	0	0	5	99	
Sardegna	5	0	5	6	11	6	0	0	11	149	
Sardegna	8	0	8	11	19	8	0	0	19	185	
Sardegna	9	0	9	11	20	1	0	0	20	204	
Sardegna	10	0	10	27	37	17	0	0	37	283	
Sardegna	12	0	12	27	39	2	0	0	39	302	
Sardegna	12	0	12	31	43	4	0	0	43	504	
Sardegna	14	0	14	33	47	4	0	0	47	530	
Sardegna	16	0	16	59	75	30	0	2	77	613	
Sardegna	39	0	39	66	105	30	0	2	107	797	
Sardegna	36	4	40	75	115	10	0	2	117	1003	
Sardegna	42	7	49	83	132	17	0	2	134	1135	
Sardegna	43	9	52	152	204	72	0	2	206	1334	
Sardegna	56	15	71	217	288	87	3	2	293	1912	
Sardegna	65	16	81	240	321	37	5	4	330	2297	
Sardegna	67	16	83	244	327	9	5	7	339	2402	
Sardegna	76	18	94	249	343	20	5	11	359	2568	
Sardegna	80	19	99	296	395	62	11	15	421	2859	
Sardegna	82	19	101	311	412	21	12	18	442	3019	
Sardegna	92	20	112	350	462	52	13	19	494	3461	
Sardegna	93	19	112	384	496	36	13	21	530	3801	
Sardegna	95	22	117	452	569	94	29	26	624	4225	
Sardegna	105	23	128	454	582	14	29	27	638	4598	
Sardegna	113	24	137	485	622	44	32	28	682	4993	
Sardegna	113	28	141	516	657	40	34	31	722	5257	
Sardegna	119	27	146	529	675	23	36	34	745	5501	
Sardegna	117	24	141	577	718	49	36	40	794	5970	
Sardegna	122	24	146	598	744	31	40	41	825	6478	
Sardegna	123	24	147	642	789	49	44	41	874	6789	
Sardegna	126	25	151	664	815	33	49	43	907	7157	
Sardegna	123	26	149	670	819	15	56	47	922	7521	
Sardegna	122	26	148	673	821	13	62	52	935	7680	
Sardegna	112	31	143	697	840	40	76	59	975	8493	
Sardegna	106	25	131	745	876	51	86	64	1026	8918	
Sardegna	107	26	133	743	876	37	118	69	1063	9444	
Sardegna	113	24	137	751	888	28	130	73	1091	10120	
Sardegna	109	26	135	768	903	22	137	73	1113	10663	
Sardegna	107	27	134	780	914	15	139	75	1128	11010	
Sardegna	107	24	131	769	900	10	158	80	1138	11893	
Sardegna	107	26	133	737	870	23	208	83	1161	12395	
Sardegna	109	24	133	732	865	3	214	85	1164	12796	
Sardegna	113	23	136	736	872	14	220	86	1178	13304	
Sardegna	112	23	135	746	881	20	231	86	1198	14087	
Sardegna	117	22	139	725	864	17	265	86	1215	14859	13760
Sardegna	115	21	136	718	854	13	288	86	1228	15328	14160
Sardegna	112	21	133	704	837	8	306	93	1236	15886	14526
Sardegna	97	20	117	716	833	11	318	96	1247	16886	15354
Sardegna	90	20	110	707	817	7	339	98	1254	17844	16094
Sardegna	95	19	114	690	804	3	351	102	1257	19889	18050
Sardegna	96	18	114	680	794	14	374	103	1271	20351	18480
Sardegna	95	20	115	668	783	9	388	109	1280	21101	19162
Sicilia	0	0	0	0	0	0	0	0	0	5	
Sicilia	1	0	1	2	3	3	0	0	3	5	
Sicilia	1	0	1	2	3	0	0	0	3	5	
Sicilia	1	0	1	1	2	1	2	0	4	5	
Sicilia	1	0	1	1	2	0	2	0	4	5	
Sicilia	1	0	1	1	2	0	2	0	4	6	
Sicilia	1	0	1	6	7	5	2	0	9	291	
Sicilia	2	0	2	3	5	-2	2	0	7	307	
Sicilia	2	0	2	3	5	0	2	0	7	307	
Sicilia	5	0	5	11	16	11	2	0	18	367	
Sicilia	5	0	5	11	16	0	2	0	18	367	
Sicilia	7	0	7	15	22	6	2	0	24	367	
Sicilia	8	0	8	25	33	11	2	0	35	643	
Sicilia	18	0	18	33	51	18	2	0	53	791	
Sicilia	19	0	19	33	52	1	2	0	54	836	
Sicilia	17	2	19	41	60	8	2	0	62	955	
Sicilia	23	1	24	57	81	21	2	0	83	1194	
Sicilia	28	5	33	78	111	32	2	2	115	1477	
Sicilia	37	7	44	82	126	15	2	2	130	1950	
Sicilia	42	11	53	97	150	26	4	2	156	2100	
Sicilia	56	15	71	108	179	32	7	2	188	2452	
Sicilia	75	20	95	108	203	25	8	2	213	2653	
Sicilia	86	28	114	112	226	24	8	3	237	2916	
Sicilia	100	29	129	138	267	45	12	3	282	3294	
Sicilia	143	36	179	142	321	58	15	4	340	3961	
Sicilia	168	42	210	169	379	68	25	4	408	4468	
Sicilia	206	48	254	204	458	82	26	6	490	4883	
Sicilia	220	55	275	321	596	140	26	8	630	5580	
Sicilia	250	60	310	371	681	91	27	13	721	6375	
Sicilia	250	60	310	489	799	125	27	20	846	7170	
Sicilia	259	80	339	597	936	148	33	25	994	8312	
Sicilia	346	68	414	681	1095	170	36	33	1164	9658	
Sicilia	425	75	500	658	1158	86	53	39	1250	11079	
Sicilia	441	71	512	730	1242	109	60	57	1359	13096	
Sicilia	451	71	522	808	1330	101	65	65	1460	13814	
Sicilia	484	75	559	849	1408	95	71	76	1555	14758	
Sicilia	503	72	575	917	1492	92	74	81	1647	15634	
Sicilia	496	72	568	976	1544	71	86	88	1718	16836	
Sicilia	503	73	576	1030	1606	73	92	93	1791	17833	
Sicilia	535	73	608	1056	1664	68	94	101	1859	18686	
Sicilia	553	74	627	1099	1726	73	95	111	1932	19896	
Sicilia	556	76	632	1142	1774	62	104	116	1994	21904	
Sicilia	563	74	637	1178	1815	52	108	123	2046	23464	
Sicilia	562	73	635	1224	1859	51	113	125	2097	24857	
Sicilia	563	65	628	1265	1893	62	133	133	2159	27438	
Sicilia	566	63	629	1313	1942	73	152	138	2232	28742	
Sicilia	568	62	630	1337	1967	70	187	148	2302	31156	
Sicilia	562	58	620	1381	2001	62	209	154	2364	33787	
Sicilia	552	53	605	1425	2030	52	223	163	2416	36098	
Sicilia	554	51	605	1445	2050	42	237	171	2458	37311	
Sicilia	552	53	605	1466	2071	43	255	175	2501	37877	
Sicilia	541	49	590	1491	2081	34	273	181	2535	39867	
Sicilia	525	48	573	1535	2108	44	284	187	2579	42405	
Sicilia	521	46	567	1572	2139	46	296	190	2625	45172	
Sicilia	526	42	568	1603	2171	47	305	196	2672	47715	
Sicilia	522	41	563	1639	2202	45	315	200	2717	49772	49772
Sicilia	526	39	565	1645	2210	42	346	203	2759	51373	51373
Sicilia	514	37	551	1708	2259	76	370	206	2835	55093	55093
Sicilia	500	35	535	1752	2287	48	388	208	2883	58732	58732
Sicilia	476	34	510	1791	2301	43	412	213	2926	62150	62150
Sicilia	461	32	493	1827	2320	55	443	218	2981	65165	63626
Sicilia	452	33	485	1787	2272	39	524	224	3020	68251	64892
Sicilia	445	33	478	1629	2107	35	720	228	3055	70104	65689
Toscana	0	0	0	0	0	0	0	0	0	140	
Toscana	2	0	2	0	2	2	0	0	2	296	
Toscana	2	0	2	0	2	0	0	0	2	363	
Toscana	2	0	2	0	2	0	0	0	2	410	
Toscana	5	0	5	2	7	6	1	0	8	437	
Toscana	7	0	7	3	10	3	1	0	11	531	
Toscana	7	0	7	5	12	2	1	0	13	572	
Toscana	7	0	7	5	12	0	1	0	13	613	
Toscana	10	0	10	8	18	6	1	0	19	697	
Toscana	15	2	17	20	37	19	1	0	38	776	
Toscana	26	3	29	31	60	23	1	0	61	776	
Toscana	35	5	40	38	78	18	1	0	79	1097	
Toscana	54	7	61	51	112	34	1	0	113	1331	
Toscana	91	7	98	67	165	53	1	0	166	1618	
Toscana	107	9	116	90	206	42	1	1	208	2018	
Toscana	91	40	131	129	260	56	3	1	264	2573	
Toscana	87	54	141	173	314	56	5	1	320	2804	
Toscana	100	59	159	193	352	44	7	5	364	3165	
Toscana	134	77	211	244	455	106	10	5	470	4049	
Toscana	160	87	247	367	614	160	10	6	630	4595	
Toscana	175	107	282	481	763	151	10	8	781	5132	
Toscana	175	107	282	559	841	85	11	14	866	5910	
Toscana	329	143	472	552	1024	187	12	17	1053	6727	
Toscana	427	160	587	704	1291	277	17	22	1330	7606	
Toscana	501	178	679	743	1422	152	22	38	1482	8873	
Toscana	601	189	790	923	1713	311	33	47	1793	10405	
Toscana	664	202	866	1039	1905	219	35	72	2012	11909	
Toscana	706	215	921	1223	2144	265	42	91	2277	13264	
Toscana	838	238	1076	1225	2301	184	51	109	2461	13851	
Toscana	918	244	1162	1357	2519	238	51	129	2699	15701	
Toscana	999	251	1250	1526	2776	273	54	142	2972	17868	
Toscana	1037	259	1296	1677	2973	254	95	158	3226	20952	
Toscana	1053	274	1327	1843	3170	224	103	177	3450	23746	
Toscana	1093	277	1370	2141	3511	367	108	198	3817	25613	
Toscana	1111	275	1386	2400	3786	305	121	215	4122	27579	
Toscana	1116	279	1395	2655	4050	290	131	231	4412	30099	
Toscana	1120	293	1413	2813	4226	196	138	244	4608	33165	
Toscana	1120	297	1417	3015	4432	259	182	253	4867	36575	
Toscana	1135	295	1430	3359	4789	406	216	268	5273	40724	
Toscana	1149	288	1437	3472	4909	226	300	290	5499	44460	
Toscana	1129	286	1415	3639	5054	172	310	307	5671	47886	
Toscana	1111	276	1387	3798	5185	176	337	325	5847	51006	
Toscana	1116	279	1395	3906	5301	154	350	350	6001	52849	
Toscana	1087	263	1350	4077	5427	172	377	369	6173	56651	
Toscana	1066	260	1326	4231	5557	206	430	392	6379	60985	
Toscana	1038	256	1294	4409	5703	173	441	408	6552	65461	
Toscana	1011	256	1267	4555	5822	175	451	454	6727	72001	
Toscana	997	237	1234	4758	5992	231	499	467	6958	75756	
Toscana	983	238	1221	4941	6162	277	578	495	7235	78640	
Toscana	992	225	1217	5040	6257	155	615	518	7390	80889	
Toscana	1002	225	1227	5125	6352	137	637	538	7527	82269	
Toscana	977	216	1193	5224	6417	139	693	556	7666	86348	
Toscana	940	213	1153	5460	6613	277	745	585	7943	91651	
Toscana	898	207	1105	5478	6583	167	925	602	8110	96231	
Toscana	883	198	1081	5389	6470	127	1149	618	8237	99903	
Toscana	852	192	1044	5452	6496	135	1239	637	8372	103975	84620
Toscana	850	182	1032	5536	6568	135	1272	667	8507	105857	85946
Toscana	833	171	1004	5618	6622	96	1295	686	8603	109925	87717
Toscana	820	174	994	5173	6167	97	1828	705	8700	114100	91747
Toscana	791	168	959	5212	6171	80	1886	723	8780	118177	94426
Toscana	738	159	897	5236	6133	97	2002	742	8877	121336	96180
Toscana	687	166	853	5293	6146	138	2109	760	9015	125495	98753
Toscana	677	158	835	5234	6069	132	2300	778	9147	127394	99751
Trento	0	0	0	0	0	0	0	0	0	3	
Trento	0	0	0	0	0	0	0	0	0	3	
Trento	0	0	0	0	0	0	0	0	0	3	
Trento	0	0	0	0	0	0	0	0	0	32	
Trento	0	0	0	0	0	0	0	0	0	32	
Trento	0	0	0	0	0	0	0	0	0	43	
Trento	0	0	0	0	0	0	0	0	0	122	
Trento	0	0	0	0	0	0	0	0	0	122	
Trento	1	0	1	3	4	4	0	0	4	122	
Trento	1	0	1	4	5	1	0	0	5	122	
Trento	2	0	2	5	7	2	0	0	7	122	
Trento	4	0	4	6	10	3	0	0	10	122	
Trento	6	1	7	7	14	4	0	0	14	194	
Trento	7	2	9	14	23	9	0	0	23	228	
Trento	10	2	12	21	33	10	0	0	33	267	
Trento	19	3	22	28	50	19	2	0	52	399	
Trento	28	4	32	42	74	25	3	0	77	527	
Trento	43	5	48	54	102	30	4	1	107	593	
Trento	58	6	64	93	157	56	4	2	163	846	
Trento	68	12	80	119	199	43	5	2	206	1006	
Trento	73	19	92	275	367	172	5	6	378	1006	
Trento	73	19	92	275	367	0	5	6	378	1006	
Trento	107	22	129	239	368	7	10	7	385	1727	
Trento	141	22	163	273	436	70	12	7	455	2187	
Trento	169	30	199	292	491	68	20	12	523	2203	
Trento	198	34	232	368	600	119	29	13	642	2656	
Trento	233	39	272	448	720	140	34	28	782	2656	
Trento	235	46	281	604	885	172	34	35	954	3050	
Trento	249	46	295	619	914	69	68	41	1023	3150	
Trento	308	49	357	618	975	87	79	56	1110	3712	
Trento	308	65	373	685	1058	112	90	74	1222	4114	
Trento	300	66	366	728	1094	75	117	86	1297	4600	
Trento	341	66	407	757	1164	94	125	102	1391	4923	
Trento	351	72	423	811	1234	114	151	120	1505	5561	
Trento	356	75	431	862	1293	89	172	129	1594	5950	
Trento	353	78	431	926	1357	88	178	147	1682	6377	
Trento	354	80	434	955	1389	64	193	164	1746	6973	
Trento	345	76	421	1062	1483	124	214	173	1870	7675	
Trento	339	78	417	1170	1587	133	229	187	2003	8496	
Trento	343	80	423	1236	1659	106	246	204	2109	8993	
Trento	353	81	434	1319	1753	111	257	210	2220	9863	
Trento	352	80	432	1363	1795	65	273	217	2285	10476	
Trento	354	79	433	1405	1838	63	280	230	2348	11130	
Trento	360	78	438	1452	1890	128	342	244	2476	12030	
Trento	354	77	431	1509	1940	126	407	255	2602	13258	
Trento	345	69	414	1564	1978	106	462	268	2708	14338	
Trento	335	70	405	1589	1994	108	547	275	2816	14981	
Trento	335	62	397	1667	2064	154	622	284	2970	16646	
Trento	322	61	383	1699	2082	83	678	293	3053	17797	
Trento	326	56	382	1698	2080	73	746	300	3126	18586	
Trento	325	54	379	1703	2082	15	749	310	3141	18774	
Trento	312	48	360	1744	2104	79	798	318	3220	19535	
Trento	296	43	339	1748	2087	74	885	322	3294	20773	
Trento	286	44	330	1660	1990	82	1044	342	3376	21921	
Trento	276	42	318	1667	1985	55	1098	348	3431	23147	
Trento	278	41	319	1652	1971	101	1201	360	3532	24388	16685
Trento	272	40	312	1617	1929	58	1295	366	3590	26211	17347
Trento	254	38	292	1617	1909	24	1329	376	3614	26610	17705
Trento	245	34	279	1595	1874	32	1391	381	3646	26674	17672
Trento	234	29	263	1608	1871	81	1474	382	3727	28240	18656
Trento	224	28	252	1575	1827	49	1560	389	3776	29779	19250
Trento	202	27	229	1515	1744	62	1694	400	3838	30661	19394
Trento	199	24	223	1459	1682	56	1807	405	3894	32142	19902
Umbria	0	0	0	0	0	0	0	0	0	0	
Umbria	0	0	0	0	0	0	0	0	0	8	
Umbria	0	0	0	0	0	0	0	0	0	8	
Umbria	0	0	0	0	0	0	0	0	0	8	
Umbria	0	0	0	0	0	0	0	0	0	8	
Umbria	0	0	0	0	0	0	0	0	0	31	
Umbria	0	0	0	2	2	2	0	0	2	35	
Umbria	0	0	0	2	2	0	0	0	2	35	
Umbria	1	1	2	6	8	6	0	0	8	45	
Umbria	1	1	2	7	9	1	0	0	9	58	
Umbria	1	1	2	7	9	0	0	0	9	88	
Umbria	2	2	4	12	16	7	0	0	16	110	
Umbria	2	2	4	20	24	8	0	0	24	134	
Umbria	2	2	4	22	26	2	0	0	26	168	
Umbria	4	2	6	22	28	2	0	0	28	183	
Umbria	8	2	10	27	37	9	0	0	37	260	
Umbria	7	5	12	32	44	9	2	0	46	340	
Umbria	8	8	16	46	62	18	2	0	64	458	
Umbria	11	10	21	52	73	12	2	1	76	576	
Umbria	21	11	32	71	103	31	3	1	107	748	
Umbria	25	13	38	101	139	36	3	1	143	965	
Umbria	30	15	45	114	159	21	4	1	164	1093	
Umbria	36	21	57	135	192	33	4	1	197	1323	
Umbria	54	21	75	166	241	50	4	2	247	1601	
Umbria	69	21	90	238	328	87	4	2	334	1954	
Umbria	75	24	99	285	384	61	4	7	395	2303	
Umbria	92	29	121	326	447	67	5	10	462	2712	
Umbria	97	35	132	368	500	59	5	16	521	3135	
Umbria	106	42	148	408	556	56	5	16	577	3561	
Umbria	105	43	148	476	624	71	5	19	648	4108	
Umbria	123	44	167	519	686	62	5	19	710	4707	
Umbria	144	46	190	580	770	92	12	20	802	5428	
Umbria	149	46	195	629	824	82	39	21	884	6137	
Umbria	159	44	203	695	898	85	43	28	969	7028	
Umbria	166	46	212	685	897	54	95	31	1023	7685	
Umbria	173	47	220	614	834	28	184	33	1051	8150	
Umbria	176	43	219	632	851	27	190	37	1078	8685	
Umbria	173	45	218	646	864	17	194	37	1095	9080	
Umbria	171	47	218	667	885	33	205	38	1128	9737	
Umbria	165	48	213	707	920	51	220	39	1179	10614	
Umbria	167	44	211	716	927	31	242	41	1210	11809	
Umbria	159	45	204	694	898	29	298	43	1239	12448	
Umbria	159	46	205	667	872	14	337	44	1253	12573	
Umbria	157	41	198	648	846	10	368	49	1263	13274	
Umbria	155	41	196	627	823	26	416	50	1289	14105	
Umbria	154	38	192	600	792	9	455	51	1298	15170	
Umbria	146	39	185	567	752	4	498	52	1302	16325	
Umbria	137	39	176	547	723	7	534	52	1309	17661	
Umbria	129	39	168	519	687	10	580	52	1319	18672	
Umbria	127	38	165	460	625	1	643	52	1320	18740	
Umbria	127	37	164	458	622	1	646	53	1321	18956	
Umbria	122	37	159	423	582	1	686	54	1322	20258	
Umbria	116	33	149	387	536	7	738	55	1329	21487	
Umbria	111	31	142	352	494	8	786	57	1337	22818	
Umbria	109	32	141	290	431	7	856	57	1344	24106	
Umbria	108	30	138	298	436	4	854	58	1348	25170	16790
Umbria	113	29	142	282	424	1	867	58	1349	25562	17099
Umbria	107	22	129	278	407	4	886	60	1353	26639	17873
Umbria	97	20	117	254	371	4	925	61	1357	27655	18679
Umbria	100	19	119	236	355	5	946	61	1362	29011	19627
Umbria	94	19	113	209	322	1	979	62	1363	30524	20733
Umbria	95	18	113	184	297	3	1006	63	1366	31939	21842
Umbria	91	17	108	188	296	2	1008	64	1368	32569	22320
ValleAosta	0	0	0	0	0	0	0	0	0	7	
ValleAosta	0	0	0	0	0	0	0	0	0	7	
ValleAosta	0	0	0	0	0	0	0	0	0	7	
ValleAosta	0	0	0	0	0	0	0	0	0	9	
ValleAosta	0	0	0	0	0	0	0	0	0	9	
ValleAosta	0	0	0	0	0	0	0	0	0	9	
ValleAosta	0	0	0	0	0	0	0	0	0	10	
ValleAosta	0	0	0	0	0	0	0	0	0	11	
ValleAosta	0	0	0	0	0	0	0	0	0	12	
ValleAosta	0	0	0	0	0	0	0	0	0	15	
ValleAosta	0	0	0	2	2	2	0	0	2	21	
ValleAosta	0	0	0	7	7	5	0	0	7	28	
ValleAosta	1	0	1	7	8	1	0	0	8	32	
ValleAosta	1	0	1	8	9	1	0	0	9	41	
ValleAosta	4	0	4	11	15	6	0	0	15	67	
ValleAosta	2	0	2	15	17	2	0	0	17	89	
ValleAosta	2	0	2	17	19	3	0	1	20	99	
ValleAosta	7	0	7	19	26	7	0	1	27	118	
ValleAosta	6	0	6	21	27	1	0	1	28	189	
ValleAosta	12	0	12	29	41	14	0	1	42	231	
ValleAosta	10	3	13	43	56	15	0	1	57	230	
ValleAosta	28	5	33	70	103	48	0	2	105	287	
ValleAosta	35	6	41	93	134	31	0	2	136	398	
ValleAosta	41	3	44	118	162	29	0	3	165	486	
ValleAosta	47	9	56	153	209	50	0	6	215	608	
ValleAosta	54	9	63	194	257	49	0	7	264	814	
ValleAosta	62	15	77	227	304	49	1	8	313	884	
ValleAosta	63	21	84	270	354	51	1	9	364	950	
ValleAosta	69	20	89	290	379	29	2	12	393	1098	
ValleAosta	71	20	91	288	379	7	2	19	400	1180	
ValleAosta	70	25	95	280	375	1	2	24	401	1200	
ValleAosta	73	24	97	281	378	7	2	28	408	1203	
ValleAosta	91	24	115	298	413	44	2	37	452	1252	
ValleAosta	90	26	116	352	468	59	2	41	511	1380	
ValleAosta	90	26	116	423	539	73	2	43	584	1480	
ValleAosta	92	26	118	400	518	0	16	50	584	1536	
ValleAosta	91	26	117	435	552	44	20	56	628	1582	
ValleAosta	85	27	112	428	540	3	32	59	631	1717	
ValleAosta	85	25	110	446	556	37	49	63	668	1934	
ValleAosta	85	25	110	450	560	51	89	70	719	2106	
ValleAosta	63	23	86	474	560	29	106	82	748	2274	
ValleAosta	96	23	119	457	576	34	115	91	782	2390	
ValleAosta	109	21	130	437	567	23	142	96	805	2590	
ValleAosta	118	17	135	458	593	30	142	100	835	2754	
ValleAosta	120	20	140	466	606	15	142	102	850	2953	
ValleAosta	118	18	136	473	609	18	154	105	868	3142	
ValleAosta	131	16	147	455	602	11	170	107	879	3328	
ValleAosta	118	17	135	455	590	23	205	107	902	3464	
ValleAosta	109	16	125	463	588	19	221	112	921	3510	
ValleAosta	109	15	124	458	582	6	230	115	927	3614	
ValleAosta	112	14	126	433	559	20	270	118	947	3726	
ValleAosta	112	11	123	425	548	11	289	121	958	3894	
ValleAosta	105	12	117	401	518	13	331	122	971	4159	
ValleAosta	108	9	117	374	491	22	379	123	993	4366	
ValleAosta	107	10	117	432	549	80	400	124	1073	4521	
ValleAosta	102	10	112	450	562	15	401	125	1088	4677	3802
ValleAosta	102	8	110	438	548	0	413	127	1088	4799	3910
ValleAosta	99	8	107	415	522	5	445	126	1093	4911	3969
ValleAosta	92	8	100	401	501	2	467	127	1095	5024	4011
ValleAosta	91	9	100	363	463	1	506	127	1096	5227	4133
ValleAosta	88	7	95	259	354	4	617	129	1100	5262	4454
ValleAosta	83	6	89	224	313	0	657	130	1100	5966	4694
ValleAosta	82	7	89	165	254	6	721	131	1106	6135	4624
Veneto	12	4	16	16	32	32	0	1	33	2200	
Veneto	12	7	19	23	42	10	0	1	43	3780	
Veneto	16	8	24	45	69	28	0	2	71	4900	
Veneto	19	8	27	82	109	40	0	2	111	6164	
Veneto	24	9	33	116	149	40	0	2	151	7414	
Veneto	24	11	35	154	189	40	0	2	191	8659	
Veneto	51	13	64	197	261	72	0	2	263	9056	
Veneto	53	14	67	204	271	10	0	2	273	9782	
Veneto	49	19	68	229	297	34	7	3	307	10176	
Veneto	76	23	99	246	345	53	9	6	360	10515	
Veneto	92	24	116	264	380	47	17	10	407	11949	
Veneto	117	27	144	310	454	81	22	12	488	13023	
Veneto	123	41	164	341	505	55	25	13	543	14429	
Veneto	146	47	193	430	623	127	29	18	670	15918	
Veneto	186	51	237	457	694	74	30	20	744	15956	
Veneto	204	67	271	512	783	112	47	26	856	16643	
Veneto	262	68	330	610	940	167	54	29	1023	21400	
Veneto	360	85	445	852	1297	361	55	32	1384	23438	
Veneto	366	107	473	980	1453	211	100	42	1595	25691	
Veneto	366	119	485	1290	1775	342	107	55	1937	26980	
Veneto	426	129	555	1434	1989	235	120	63	2172	32546	
Veneto	498	156	654	1620	2274	301	130	69	2473	35052	
Veneto	548	171	719	1769	2488	231	136	80	2704	35478	
Veneto	646	195	841	2112	2953	510	167	94	3214	40841	
Veneto	771	209	980	2189	3169	270	200	115	3484	44658	
Veneto	843	236	1079	2598	3677	547	223	131	4031	49288	
Veneto	942	249	1191	3023	4214	586	257	146	4617	53642	
Veneto	1113	255	1368	3276	4644	505	309	169	5122	57671	
Veneto	1206	281	1487	3499	4986	383	327	192	5505	61115	
Veneto	1318	304	1622	3729	5351	443	381	216	5948	66178	
Veneto	1407	316	1723	4022	5745	494	439	258	6442	70877	
Veneto	1447	326	1773	4367	6140	493	508	287	6935	79759	
Veneto	1536	338	1874	4774	6648	562	536	313	7497	83627	
Veneto	1559	344	1903	5010	6913	433	655	362	7930	89380	
Veneto	1586	355	1941	5310	7251	428	715	392	8358	94784	
Veneto	1633	356	1989	5575	7564	366	747	413	8724	99941	
Veneto	1680	356	2036	5814	7850	431	828	477	9155	106238	
Veneto	1718	350	2068	6156	8224	470	902	499	9625	112746	
Veneto	1670	345	2015	6563	8578	486	1001	532	10111	120320	
Veneto	1714	335	2049	6812	8861	353	1031	572	10464	126490	
Veneto	1691	324	2015	7078	9093	360	1124	607	10824	133289	
Veneto	1674	329	2003	7406	9409	402	1186	631	11226	140910	
Veneto	1714	322	2036	7686	9722	362	1204	662	11588	146288	
Veneto	1579	297	1876	8089	9965	337	1265	695	11925	153542	
Veneto	1554	285	1839	8332	10171	485	1503	736	12410	163247	
Veneto	1530	274	1804	8645	10449	523	1728	756	12933	171456	
Veneto	1521	257	1778	8869	10647	488	1981	793	13421	180700	
Veneto	1465	251	1716	9033	10749	347	2188	831	13768	190912	
Veneto	1428	249	1677	9052	10729	309	2492	856	14077	198442	
Veneto	1427	245	1672	9094	10766	174	2603	882	14251	203077	
Veneto	1427	233	1660	9076	10736	181	2790	906	14432	208878	
Veneto	1402	219	1621	9168	10789	192	2895	940	14624	216344	
Veneto	1388	209	1597	9203	10800	366	3209	981	14990	224549	
Veneto	1359	197	1556	9062	10618	384	3730	1026	15374	236722	
Veneto	1287	190	1477	8967	10444	318	4189	1059	15692	247329	
Veneto	1264	184	1448	8762	10210	243	4638	1087	15935	255797	161231
Veneto	1273	180	1453	8608	10061	192	4954	1112	16127	260810	163757
Veneto	1230	177	1407	8670	10077	277	5173	1154	16404	268069	167129
Veneto	1205	163	1368	8623	9991	334	5566	1181	16738	277543	171735
Veneto	1189	140	1329	8596	9925	143	5750	1206	16881	288075	177154
Veneto	1159	130	1289	8390	9679	348	6306	1244	17229	296896	181473
Veneto	1105	129	1234	8198	9432	162	6671	1288	17391	306977	186426
Veneto	1097	124	1221	7917	9138	80	7018	1315	17471	316361	183513